13827792368
13588418847
15887856148
13992088453
17858626648
15155779446
18902225406
13912655571
18277377968
18277377968
13788549628
18277377968
15235697361
13561482516
18889159861
19117790328
17875644968
15676644217
13465394678
12345678910
17088331377
13832489186
13616517633
15953608971
15317077568
13435227232
15055182298
13435227232
18751302686
15517800679
18240536408
13673078837
18277377968
19915879657
17337693588
18277377968
17337693588
13686063318
15875818739
13390949526
15215098959
13390949526
18185229764
13369018228
17754569645
16639198219
13631113514
15186565327
18277377968
13218261390
15681386061
13594935044
18174278444
15528811141
13626189691
18341651303
17866652182
18019291020
18535886383
18793174766
13603927020
15715558603
18902225406
19848269201
18902225406
18244377270
13903421872
18902225406
13475757188
15829193063
15537069345
13597777234
18902225406
18781529180
15829193063
18188593600
18103661585
13713326918
13705218170
17530153372
18778510144
15837039049
18902225406
17631454953
13769701201
18981713437
15868369667
18902225406
15535262832
16574488587
16558785251
13914450720
18902225406
17137796419
17096236762
16558785251
18902225406
17045621776
18866478549
18902225406
13309338356
18931852532
18902225406
13596742588
13910108920
18902225406
18902225406
18902225406
18902225406
13073503650
17612196102
13787653043
13990035859
18755646598
18902225406
13563929166
18451560280
18962694500
18902225406
17724639110
18902225406
19947687221
15974470486
18902225406
13557791397
19944515085
15315818155
17614057017
15123420986
13438824749
17769685870
15272595339
18599366717
15077849925
18426231118
13193072535
18221009962
13683071154
18902225406
18582121937
18902225406
18663367218
18391582769
13638983280
18902225706
15553379175
18902225406
13837528121
13888369550
13733935579
13837528121
13518752825
15908869951
17095682970
17781400664
17095682970
18337528121
13966243175
18337528121
15055815050
15185822975
16601506109
15884926187
15659604844
15929480418
18724142574
15909586000
13652797731
15268133464
13837528121
18207600150
17693250924
18737828650
18382709975
15306819073
15128578623
19941987323
18779925180
15358908905
19941987323
17174381555
17095682970
15806821911
17095682970
13051988305
15895450386
19876300713
13241419555
18122387228
15046382859
15922636523
13423907140
15358908905
13892493272
15889530530
15966504236
13602652106
19807920592
18751968608
19807930592
16620656571
15221187419
15824189802
17683716515
15700001311
18530054894
18801019859
13277275979
18194007983
19167608806
18138930338
18263508811
13929197399
13031323183
13184819126
13694805964
13510318385
17819189269
18047473717
18271831930
17334812343
13238308327
18660910973
18271831930
18615903715
13395397293
17819189269
15509506071
18200396263
15978277998
17819189269
13653623682
13665139832
17819189269
18287074479
17612145828
17819189269
13036715283
18122101096
19992616979
19992616978
15595633777
13826709713
19107658407
13829431131
15108090241
18313725602
17337823218
13906920406
13433344976
17819189269
17819189269
13929197399
15647282186
13619208203
18282596133
19834030675
19834030675
17613239279
13175173790
18672784507
15916491766
17605001647
13277275979
18770960401
15166600974
13086223390
13086223390
13418966263
15887525538
18653618759
13854516771
15928499267
18793117289
17612760742
18910398531
19802265402
18310243417
18310243417
15508528852
18572750986
17633035325
17777668765
15699177226
18889094413
18902225406
18289942068
18902225406
13012704599
18902225406
17394885568
16631232213
15757109224
18902225406
13841999442
18351568023
18367085365
13784888980
15942312391
18719448797
15816152212
13960700763
13719041166
13466856228
18320217650
15754566633
13907889899
18786596382
18786596382
18786596382
15525219048
15828971181
18902225406
18902225406
18665801204
18902222540
15896359852
15736195311
18902225406
18968108015
15026139847
15828971181
15026139847
13684970997
13924019102
19169379390
19978300862
13138484133
15520273310
17765828130
13531463869
18045006636
19940944010
13349516513
15966504236
13840306452
18749315024
18334740385
18813977667
17585981357
18207600150
19112725556
18902225406
16601128242
18842202952
18098336104
15639826713
18475159876
13456282180
13877339529
18529232956
13877339529
13877339529
13391768353
15966504236
18287814179
13059126937
13059126937
15132328218
15086213858
15873276626
19915929536
15914830330
18258360813
17364651247
15015177720
15009329694
17610652005
17610652005
15146096860
15559561289
13526053950
19108761516
17352136337
15882549124
13649555687
15110319308
15659604844
15808829969
13237126503
19989415946
17737120353
15803848930
13823184600
15966504236
18337233852
15994216049
15004029898
18920148799
13736634633
15207118025
13736634633
13192225207
13365860965
13622777774
17689262179
18068778399
13846274991
18623591787
18879019675
13829882350
18367906212
18387761177
18720061428
15817808386
18221685790
18786101983
15561744432
15725120033
18761618764
13995217465
18759308832
18819364023
19810952063
18285060306
18949581263
13005663216
13933088163
13192225207
18902226406
15518129707
18902225406
15866219533
18902225406
13235345996
18315045798
18315045798
15516380493
19948397845
15377656577
15701307909
15844888842
15052608436
16607256207
18078476656
13888656635
15818896455
18253309057
17347805801
15628257988
15088259710
15088259710
17633380153
17633801532
15984207233
15088259710
15088259710
15763921438
13525231421
13131656938
15390869171
13071185126
18037048240
15365694256
18315045798
13640519682
15134553458
13884347157
15060025703
18533795738
18977648691
15631631580
18437918533
15010178716
13336809326
15305255911
15114056755
15939208310
13607801821
13578113428
18306221556
18258301457
15352417402
13105799292
15226090721
15866171109
16619757522
13754606902
18994833398
19170578669
13729908286
15221309919
15524665017
18055800260
15503713438
15761376015
15186008966
15186008966
18789961820
15200339870
15814006662
15981820470
15875709323
13429236929
15962466834
15001329974
13881400986
15628257988
13692024738
13692024738
13403034499
18982225406
15726954255
13156054588
13350665905
13156054588
18403406935
19947690516
13209567896
13209567896
13209567896
13812143425
15076508116
17084823382
13277275979
13209567896
18585880972
13209567896
13991521225
13209567896
18351651763
15650952092
13209567896
13418307785
13124924922
13323325272
13209567896
15940027449
13209567896
17337693588
13209567896
13851007786
13087557912
18793792620
15012253485
17321589880
17754569645
15739388409
17320359880
18102112054
18150650615
13837869525
15974198392
15935696033
17751983656
15126437643
13929197399
17308795336
18573627731
17337693588
17337693588
13817598753
17337693588
18348688852
13079028010
17688811644
18232391839
18780538461
13631056218
13853306075
13708427905
13865905601
18660931862
18336821982
15003824345
15827187440
13529954290
13913039382
18667130223
13858437003
18902225406
18477330084
15198604492
15271065503
13302557486
13302557486
15899972671
13078608690
13078608690
18530013192
18522388964
18973432585
15758091782
18948567055
13755733624
17666284332
17802096767
17558753223
18987907870
17558753223
15628257988
17375821090
15875818739
18028544258
15767032982
18239857278
18902225406
17765531565
18902225406
17692639210
13570298582
18706713655
18351568023
17095682970
13522943237
15908869951
18337528121
17687230647
13875219650
19112725556
18676516467
13837528121
15889591157
18908509643
13837528121
15894074836
13837528121
17388220566
13837528121
13095059717
18187086424
13551481160
18382709975
16673209010
15057418400
19112760447
17679208407
13120529198
13423907140
13892493272
13186457958
18350670319
18751968608
13867729700
18160512660
13801624265
17325924049
17683716518
13244697049
13676941591
18986417769
17768111739
18680660399
17768111739
18261683263
15051352428
17660910973
15660901521
18911166467
18265939308
18902225406
18902225406
17697756507
18902225406
17671650478
18902225406
18902225406
17585981357
18566177704
18902225406
18902225406
18902225406
17691393443
15532188655
18932976069
17707446033
18272956710
18284357345
15969219889
13454158555
13642682205
15523333845
18511573369
17777668765
13277275979
17777668765
18902225406
18197932725
13809274002
18935982488
13602676195
13897129120
15388854446
13897129120
13897129120
18902225406
18979382056
17777668765
18213981645
19974731586
13589329520
18690315001
18911341235
15601807446
15981805188
15181200770
13697940759
15950001672
13722658927
18002210510
18119116557
15579081508
18902225406
15772055027
18207600150
15828971181
15828971181
18902225406
15125743659
13866796523
15251007520
13924019102
18902225406
18902225406
18902225406
18902225406
13368307003
18902225406
18902225406
18902225406
18902225406
13681614212
18902225406
17380174912
18866952170
18184383792
19806279159
17600291403
13698591223
13522490377
15808829969
15004029898
17665714467
13568085034
19978300862
13277275979
15602224524
15547916893
18531941158
15185212232
18367906212
18759308832
13925310499
18902225406
18292493475
18292493475
18292493475
18315045798
13263133225
13911941076
13912655571
15191558425
15818096455
13410239728
18316542792
18438620230
13391186818
13106242600
15088259710
15901790279
13846700287
17604847253
15290712090
13874888765
15601933983
13039959155
17849443023
15708741406
13131656938
13131656938
18037048240
15172011080
15365694256
15637678353
15099812594
15258405788
15828229681
15564088814
13719894690
15906548111
15845804779
18518231898
15564088814
15738620875
13183012852
17368803689
13133293078
13152636844
13336809326
14709660358
15829605028
18230650125
15870533405
17675747191
17161562380
18741733717
15221309919
13373259817
15204898551
17608445476
13610613232
13225322909
13939201925
15120373812
13658400612
15204637619
13658400612
15134624940
13658400612
18063414256
13037882910
13189851803
15632969081
15989826024
18997372618
13913570523
18253484358
15753239113
13074583282
18858482016
18939419288
